        x1        x2        x3        x4         d
-1    0.9694    0.6909    0.4334    3.4965    0.0000
-1    0.5427    1.3832    0.6390    4.0352    0.0000
-1    0.6081   -0.9196    0.5925    0.1016    0.0000
-1   -0.1618    0.4694    0.2030    3.0117    0.0000
-1    0.1870   -0.2578    0.6124    1.7749    0.0000
-1    0.4891   -0.5276    0.4378    0.6439    0.0000
-1    0.3777    2.0149    0.7423    3.3932    0.0000
-1    1.1498   -0.4067    0.2469    1.5866    0.0000  
-1    0.9325    1.0950    1.0359    3.3591    0.0000     
